8758
10157
11369
13115
84276
119335
119337
143461
183881
203070
284139
290838
295036
297182
298189
299818
299820
300332
301619
302546
316102
318954
422136
423321
446593
446596
