6449
6452
6474
6492
6513
6579
6586
6641
6766
6820
6987
6999
7002
7183
7192
7249
7336
7349
7367
7490
7567
7598
7599
7605
7607
7658
7671
7734
7901
7903
7911
7960
7972
8040
8043
8051
8059
8083
8097
8163
8300
8341
8419
8420
8448
8458
8544
8549
8556
8592
8661
8680
8735
8881
8888
8889
8961
8962
8972
8988
8989
9124
9135
9181
9251
9257
9485
10025
10161
10414
10419
10420
10636
10705
10722
10726
10728
10736
10741
10748
10749
10808
10824
10949
11101
11139
11153
11227
11482
11532
11536
11548
11550
11605
11638
11639
11740
11972
12002
12080
12136
12137
12138
12149
12216
12224
12226
12227
12233
12264
12265
12404
12407
12476
12488
12495
12497
12530
12598
12674
12682
12689
12876
12879
12884
12926
13125
13207
13442
13444
13446
13448
13510
13517
13553
13555
13583
13585
13621
13750
13902
13907
13995
14012
73869
74040
74118
74346
74349
74383
74520
74600
74719
74924
74973
75120
75121
75136
75147
75149
75150
75202
75289
75290
75437
75562
75564
75647
75648
75724
75762
75791
75793
75916
76053
76055
76276
76392
76421
76424
76444
76463
76466
76578
76640
76747
76861
76862
76957
77093
77126
77168
77212
77214
77285
77388
77392
77520
77599
77629
77646
77649
77694
77727
77768
77968
78042
78054
78093
78101
78168
78265
78376
78394
78425
78426
78572
78667
78681
78682
78698
78839
78863
78920
79197
79250
79343
79347
79361
79373
79485
79566
79589
79634
79704
79771
79780
80003
80005
80043
80228
80256
80275
80311
80331
80332
80338
80405
80446
80447
80515
80527
80529
80535
80619
80835
80938
81392
81541
81543
81544
81547
81780
81819
82031
82033
82075
82161
82211
82229
82251
82283
82459
82475
82508
82699
82706
82779
82780
82827
82830
82895
82951
83113
83138
83200
83303
83352
83356
83431
83435
83468
83581
83605
83677
83678
83686
83716
83741
83744
83794
83843
83860
83864
83939
83966
84099
84102
84131
84170
84210
84352
99490
99517
99521
99621
99627
99660
99773
99775
99793
99794
99830
100163
100215
100220
100340
100501
100508
101108
101232
101321
101327
101339
101354
101431
101598
101636
101640
101769
101804
101806
101812
101951
101975
101985
102052
102053
102055
102064
102069
102304
102392
102397
102399
102745
102782
102810
103247
103295
103386
103401
103589
103593
103646
103649
103809
103960
103962
104285
104506
104552
104750
104807
104864
105004
105047
105084
105173
105342
105521
105535
105572
105891
105911
105995
106349
106364
106554
106560
106701
106732
107227
107314
112137
112159
112309
112323
112326
112327
112605
112606
112655
112717
112812
113081
113211
113393
113405
113408
113409
113420
113731
113734
113941
114056
114088
114134
114135
114173
114512
114747
114751
114799
114980
115105
115456
115459
115639
115796
115798
115924
116053
116088
116109
116115
116160
116200
116333
116555
116618
116647
116728
116729
116938
116985
117129
117132
117140
117141
117148
117159
117161
117162
117164
117297
117353
117416
117542
117593
117796
117797
117886
117931
117999
118074
118257
118258
118475
118523
118540
118644
119183
119226
119310
119312
119372
119616
119919
120055
120098
120222
120226
120288
120289
120291
120537
120956
120979
121228
121230
121231
121235
121364
121365
121439
121476
121549
121557
121653
121680
121750
121771
121773
121805
121806
121854
121856
121979
121982
121983
122084
122086
122087
122110
122113
122114
122222
122223
122225
122371
122467
122514
122517
122639
122641
122876
123056
123433
123547
123611
123669
123670
123671
123699
123701
123729
123891
123988
123991
124019
124090
124241
124276
124314
135996
136063
136069
136249
136331
136365
136417
136418
136423
136427
136435
136442
136521
136638
136639
136748
136750
136842
136851
136866
136890
137080
137082
137169
137207
137209
137273
137274
137276
137277
137338
137460
137472
137476
137534
137616
137618
137747
137857
137866
137867
137878
137889
137931
137949
137953
137968
137972
138112
138126
138152
138182
138183
138213
138302
138315
138316
138323
138360
138364
138365
138366
138367
138427
138431
138436
138506
138521
138528
138606
138754
138848
138860
138898
138902
139047
139066
139092
139093
139094
139116
139151
139232
139235
139238
139240
139300
139307
139313
139314
139374
139380
139390
139391
139501
139531
139539
139614
139714
139721
139722
139847
139850
139853
139916
139918
139924
139926
139928
139933
139934
139982
139997
140062
140064
140065
140066
140136
140139
140140
140155
140168
140221
140224
140229
140248
140254
140279
140324
140327
140328
140332
140355
140399
140400
140416
140417
140461
140462
140463
140464
140521
140523
140525
140526
140527
140593
140647
140683
140740
140758
140821
140830
140837
140846
140847
140851
140873
140908
140928
140930
140933
140972
140973
140974
141026
141049
141053
141062
141073
141074
141078
141080
141098
141225
141230
141232
141233
141268
141272
141293
141417
141532
141704
141740
141783
141814
141903
141909
141910
141930
142072
142268
142276
142328
142417
142427
142434
142471
142508
142524
142555
142565
142614
142627
142630
142657
142659
142801
142903
142930
142932
142936
142937
142939
142945
142946
142947
143060
143068
143173
143192
143256
143266
143378
143383
143494
143531
143534
143586
143592
143619
143718
143719
143728
143792
143848
143850
143851
143857
143977
144013
144031
144124
144125
144128
144196
144221
144236
144248
144383
144398
144424
144613
144651
144652
144653
144654
144656
144658
144659
144661
144717
144750
144935
144955
144960
145056
145097
145121
145122
145125
145126
145159
145225
145231
145268
145285
145303
145438
145471
145476
145518
145520
145521
145568
145573
145632
145639
145693
145712
145735
145762
145954
146007
146008
146011
146018
146023
146029
146066
146067
146069
146090
146109
146153
146169
146181
146227
146228
146261
146325
146457
146481
146485
146598
146601
146602
146637
146670
146702
146829
146840
146841
146847
146952
146997
147001
147003
147057
147060
147065
147068
147155
147163
147164
147195
147198
147201
147214
147238
147240
147241
147312
147347
147414
147453
147527
147548
147593
147605
147713
147728
147735
147785
147827
147884
147973
147975
147997
148088
148205
148206
148207
148208
148239
148246
148247
148249
148250
148253
148311
148456
148505
148545
148546
148597
148601
148632
148634
148639
148644
148671
148677
148698
148732
148734
148753
148756
148757
148875
148876
149119
149120
149137
149266
149279
149283
149321
149346
149370
149432
149434
149438
149440
149458
149479
149504
149516
149527
149601
149605
149643
149649
149650
149665
149666
149675
149758
149764
149960
149988
150034
150036
150046
150076
150078
150079
150081
150098
150102
150127
150166
150181
150183
150298
150359
150407
150520
150527
150528
150531
150599
150625
150632
150639
150644
150731
150736
150740
150776
150822
150859
150860
150861
150863
150885
151041
151043
151083
151200
151226
151260
151273
151316
151412
151605
151622
151623
151624
151872
151873
151899
151968
151991
151994
152000
152001
152032
152073
152107
152109
152234
152332
152333
152334
152422
152424
152428
152494
152505
152639
152701
152820
152821
152874
152921
152922
153019
153021
153064
153098
153140
153416
153419
153428
153486
153487
153492
153517
153519
153523
153526
153554
153561
153580
153629
153634
153635
153672
153674
153675
153678
153711
153732
153734
153905
153920
153971
153986
154022
154059
154060
154061
154062
154117
154160
154293
154301
154303
154306
154310
154326
154376
154437
154469
154472
154509
154519
154520
154523
154526
154527
154529
154633
154659
154663
154684
154685
154687
154688
154707
154711
154713
154719
154753
154777
154834
154835
154848
154921
154971
154976
154996
155031
155054
155057
155059
155065
155075
155104
155311
155389
155390
155409
155456
155477
155716
155777
155779
155781
155830
155940
155949
155953
155991
156100
156112
156116
156117
156141
156195
156205
156210
156254
156407
156409
156505
156647
156662
156665
156697
156701
156746
156752
156821
156823
156824
156827
156867
156937
156941
156942
156943
156966
157005
157007
157009
157010
157051
157059
157061
157063
157182
157183
157303
157341
157370
157419
157434
157465
157512
157556
157559
157586
157691
157705
158061
158102
158149
158150
158151
158153
158154
158163
158237
158493
158504
158519
158602
158660
158662
158665
158690
158842
158870
158989
159037
159043
159063
159119
159155
159158
159160
159162
159171
159178
159352
159353
159403
159408
159458
159535
159537
159600
159601
159632
159679
159688
159763
159799
159805
159808
159810
159976
159977
160052
160079
160106
160116
160160
160188
160191
160194
160209
160210
160245
160246
160328
160346
160347
160350
160353
160668
160669
160672
160675
160676
160724
160821
160873
160880
160987
161076
161187
161231
161257
161281
161373
161375
161376
161420
161434
161484
161497
161587
161827
161834
161896
161903
162040
162041
162060
162084
162085
162128
162135
162196
162210
162211
162213
162349
162364
162367
162369
162370
162505
162518
162538
162601
162608
162609
162610
162613
162678
162680
162686
162716
162808
162810
162851
162853
162866
162872
162873
162984
163001
163013
163014
163150
163156
163250
163252
163259
163283
163287
163370
163434
163438
163500
163538
163616
163622
163625
163629
163632
163638
163734
163814
163897
163988
164051
164072
164097
164100
164112
164306
164444
164544
164567
164568
164569
164610
164611
164615
164654
164656
164694
164708
164779
164805
164807
164812
164839
164840
164844
174346
174421
174437
174439
174441
174445
174448
174451
174462
174473
174592
174596
174600
174666
174667
174670
174676
174680
174703
174707
174844
174845
174848
174893
174902
174904
174906
174910
174983
175038
175040
175043
175047
175050
175155
175208
175211
175447
175538
175655
175657
175660
175742
175981
176166
176185
176199
176350
176352
176432
176491
176495
176496
176498
176520
176638
176664
176665
176674
176876
176892
176898
176968
177103
177105
177110
177147
177148
177180
177181
177183
177184
177185
177188
177190
177202
177348
177446
177501
177648
177744
177746
177903
177906
177907
177990
178012
178134
178247
178329
178336
178338
178428
178430
178432
178433
178436
178617
178618
178622
178632
178634
178678
178687
178689
178779
178920
179092
179094
179098
179166
179242
179247
179576
179644
179645
179646
179650
179651
179653
179777
179786
179900
179990
179992
180067
180071
180074
180106
180111
180382
180383
180587
180590
180591
180592
180636
180698
180702
180708
180710
180744
180774
180807
180902
181146
181229
181230
181256
181258
181289
181290
181291
181293
181295
181304
181353
181355
181367
181369
181370
181371
181395
181423
181425
181428
181629
181639
181680
181705
181706
181857
181939
182134
182136
182243
182248
182252
182254
182278
182283
182318
182392
182393
182463
182464
182487
182525
182536
182545
182724
182726
182952
183110
183114
183115
183118
183128
183144
183150
183238
183313
183368
183370
183417
183419
183422
183423
183424
183501
183734
183759
183830
183861
183863
183865
183867
183868
183951
183955
184072
184104
184139
184304
184323
184407
184410
184549
184737
184740
184909
184914
185004
185126
185127
185209
185212
185296
185409
185421
185443
185838
185847
186036
186037
186039
186051
186110
186118
186119
186120
186134
186190
186191
186200
186206
186208
186419
186552
186574
186584
186595
186596
186597
186601
186606
186690
186716
186720
186748
186750
186797
186837
186857
186865
186922
186925
186926
186958
186993
186997
186999
187008
187026
187027
187039
187067
187086
187089
187097
187128
187166
187168
187197
187288
187322
187323
187326
187360
187409
187423
187433
187482
187556
187565
187583
187602
187610
187621
187622
187627
187637
187650
187655
187658
187661
187673
187705
187712
187750
187758
187764
187785
187791
187797
187806
187824
187836
187837
187840
187850
187874
187905
187908
187961
187979
187980
187983
187994
187996
187997
187998
188009
188083
188126
188127
188154
188156
188159
188216
188267
188295
188333
188386
188398
188405
188409
188435
188437
188438
188466
188467
188538
188558
188592
188612
188620
188644
188645
188685
188839
188842
188914
188934
188948
188993
189052
189064
189089
189154
189157
189174
189178
189181
189221
189229
189243
189264
189303
189310
189311
189389
189395
189403
189448
189451
189489
189497
189537
189540
189557
189564
189569
189603
189604
189614
189616
189617
189626
189656
189700
189701
189723
189739
189787
189800
189805
189860
189869
189872
189873
189874
189889
189899
189915
189925
189978
189991
189996
190021
190028
190094
190106
190128
190136
190158
190168
190177
190194
190198
190277
190321
190330
190381
190384
190388
190391
190398
190480
190489
190490
190493
190495
190496
190497
190571
190575
190579
190593
190594
190602
190619
190622
190645
190720
190772
190779
190813
190857
190880
190946
190956
190988
190989
190994
191012
191026
191057
191071
191082
191130
191149
191177
191198
191206
191219
191256
191271
191298
191312
191326
191358
191410
191414
191421
191429
191480
191499
191503
191527
191529
191563
191588
191623
191627
191631
191652
191658
191659
191660
191672
191674
191720
191738
191758
191759
191781
191782
191824
191827
191829
191897
191911
191917
191963
191964
191965
191973
191976
191979
191993
192016
192021
192033
192038
192043
192053
192055
192077
192087
192088
192089
192096
192098
192232
192236
192237
192250
192280
192285
192295
192303
192314
192329
192354
192362
192367
192411
192412
192415
192511
192528
192539
192555
192559
192560
192566
192573
192575
192585
192600
192612
192647
192689
192713
192714
192725
192768
192777
192818
192819
192840
192861
192903
192966
193014
193040
193053
193067
193068
193115
193165
193173
193184
193187
193210
193223
193234
193306
193331
193350
193404
193453
193485
193486
193491
193492
193529
193538
193578
193584
193595
193650
193656
193659
193673
193713
193746
193751
193758
193770
193772
193789
193791
193811
193821
193835
193897
193934
193935
193937
193946
193949
194002
194017
194018
194034
194061
194071
194073
194080
194102
194103
194211
194220
194226
194249
194261
194322
194388
194414
194450
194472
194505
194523
194552
194554
194575
194576
194579
194649
194709
194710
194730
194731
194760
194763
194764
194765
194799
194822
194834
194897
194898
194901
194903
194912
195023
195102
195164
195191
195207
195211
195220
195288
195316
195338
195358
195366
195386
195404
195410
195481
195484
195487
195531
195535
195536
195560
195568
195588
195654
195677
195678
195727
195736
195749
195759
195776
195796
195808
195839
195849
195864
195878
195892
195895
195899
195917
195919
195921
195954
195957
195996
195997
196002
196006
196008
196034
196046
196067
196100
196160
196173
196174
196216
196217
196276
196292
196319
196337
196340
196345
196346
196384
196411
196422
196424
196483
196490
196492
196513
196549
196556
196571
196591
196642
196644
196679
196707
196723
196789
196834
196862
196863
196905
196983
197000
197002
197005
197012
197064
197081
197085
197086
197090
197145
197147
197170
197172
197206
197216
197262
197267
197282
197295
197308
197380
197409
197421
197433
197449
197453
197459
197483
197505
197526
197580
197601
197602
197664
197693
197699
197778
197799
197827
197855
197868
197908
197910
197914
197939
197967
197985
197992
198043
198067
198082
198093
198194
198195
198209
198213
198216
198217
198223
198252
198258
198263
198303
198316
198350
198383
198387
198400
198401
198453
198464
198465
198476
198542
198544
198560
198593
198599
198601
198602
198605
198618
198626
198627
198631
198640
198658
198660
198694
198728
198730
198789
198792
198795
198797
198818
198822
198831
198838
198867
198886
198915
198924
199010
199091
199104
199129
199139
199144
199153
199167
199223
199281
199286
199289
199315
199325
199326
199347
199364
199366
199367
199379
199421
199476
199487
199493
199502
199570
199583
199587
199629
199631
199641
199659
199665
199703
199707
199717
199828
199844
199874
199904
199952
199976
200025
200051
200055
200056
200088
200150
200159
200162
200170
200221
200238
200284
200288
200297
200361
200387
200392
200412
200476
200490
200492
200532
200533
200538
200594
200602
200606
200611
200642
200650
200657
200675
200697
200706
200787
200790
200812
200854
200865
200893
200922
200940
200955
200959
200998
201017
201066
201113
201120
201136
201154
201165
201174
201188
201198
201203
201215
201281
201297
201322
201329
201338
201387
201390
201470
201474
201475
201483
201485
201570
201608
201609
201656
201661
201669
201710
201715
201741
201756
201793
201794
201795
201843
201850
201881
201882
201917
201939
201960
201981
201995
202001
202004
202013
202016
202019
202027
202053
202089
202102
202165
202241
202268
202269
202298
202354
202392
202394
202395
202406
202439
202455
202461
202524
202558
202571
202601
202622
202625
202628
202650
202654
202656
202671
202680
202681
202694
202702
202709
202727
202735
202762
202763
202777
202817
202821
202823
202830
202874
202971
202972
202994
203002
203013
203017
203041
203045
203046
203085
203098
203100
203127
203131
203173
203190
203194
203218
203329
203336
203364
203365
203366
203367
203453
203454
203455
203456
203467
203472
203477
203479
203481
203485
203503
203529
203547
203558
203560
203569
203575
203578
203580
203631
203632
203664
203687
203711
203730
203755
203781
203791
203801
203829
203857
203874
203907
203914
203920
203921
203922
203927
203930
203978
203995
204018
204050
204093
204095
204096
204139
204169
204216
204224
204240
204302
204306
204334
204337
204355
204365
204366
204369
204421
204464
204524
204538
204634
204655
204656
204661
204686
204692
204722
204766
204835
204837
204862
204888
204889
204902
204909
204920
204934
204971
205003
205019
205023
205024
205031
205038
205067
205085
205102
205110
205116
205150
205187
205188
205193
205209
205244
205254
205259
205271
205279
205281
205292
205307
205313
205353
205354
205356
205384
205395
205406
205417
205432
205459
205468
205469
205487
205519
205546
205558
205563
205571
205599
205608
205641
205642
205668
205701
205717
205744
205749
205791
205837
205838
205914
205933
205947
205992
206019
206089
206090
206091
206105
206106
206126
206127
206152
206165
206179
206201
206203
206206
206207
206260
206264
206267
206278
206281
206307
206344
206359
206395
206396
206399
206425
206468
206483
206484
206495
206537
206540
206542
206559
206560
206562
206566
206573
206624
206628
206641
206657
206658
206670
206695
206751
206771
206800
206834
206837
206849
206864
206867
206951
206974
206975
206978
207006
207027
207075
207098
207106
207115
207184
207196
207199
207200
207226
207269
207270
207276
207288
207328
207338
207345
207366
207389
207475
207481
207489
207514
207515
207518
207555
207562
207572
207573
207665
207726
207729
207744
207761
207783
207786
207788
207789
207838
207874
207875
207876
207877
207937
207942
207966
207988
208016
208036
208046
208092
208093
208121
208122
208133
208138
208148
208158
208196
208209
208214
208219
208239
208243
208256
208258
208285
208303
208350
208361
208363
208381
208403
208406
208409
208419
208420
208450
208451
208452
208453
208459
208480
208493
208505
208510
208516
208519
208520
208532
208563
208578
208580
208581
208582
208589
208593
208608
208652
208679
208688
208735
208755
208762
208767
208785
208787
208788
208790
208803
208806
208820
208859
208861
208887
208905
208908
208918
208927
208958
208962
208979
209009
209011
209037
209039
209043
209096
209139
209186
209245
209248
209250
209253
209264
209295
209297
209298
209335
209337
209346
209348
209380
209413
209442
209489
209512
209518
209565
209599
209649
209669
209695
209706
209746
209891
209900
209907
209909
209929
209949
209953
210006
210042
210044
210049
210055
210067
210163
210164
210208
210226
210230
210307
210322
210338
210356
210357
210412
210426
210434
210458
210471
210475
210479
210484
210493
210522
210562
210564
210565
210572
210619
210621
210632
210669
210696
210716
210719
210729
210741
210761
210765
210770
210772
210791
210794
210820
210854
210878
210915
210926
210993
211015
211067
211068
211070
211101
211111
211126
211148
211153
211182
211184
211207
211240
211269
211272
211282
225445
225446
225455
225458
225554
225601
225603
225759
225914
225989
226001
226005
226009
226020
226047
226048
226090
226125
226155
226170
226174
226200
226204
226239
226284
226286
226300
226340
226401
226454
226461
226477
226537
226539
226544
226631
226635
226636
226646
226693
226703
226855
226883
226894
226895
226898
227076
227077
227079
227223
227225
227317
227322
227323
227324
227325
227374
227375
227399
227450
227451
227453
227456
227503
227688
227696
227755
227789
227857
227882
227883
227899
227901
227986
227987
228058
228077
228162
228163
228184
228255
228261
228264
228331
228332
228333
228334
228366
228374
228408
228488
228554
228565
228566
228589
228600
228603
228672
228674
228818
228821
228823
228827
228902
228944
228949
228950
229018
229056
229072
229073
229124
229127
229128
229135
229143
229156
229157
229194
229249
229251
229252
229253
229256
229296
229324
229330
229347
229362
229363
229364
229429
229451
229484
229540
229570
229642
229656
229664
229724
229730
229797
229814
229897
229934
229936
229939
229942
229943
229945
229980
229988
230162
230164
230171
230174
230224
230232
230314
230315
230415
230454
230456
230618
230727
230728
230732
230750
230786
230870
230909
230925
230933
230984
230985
231021
231115
231116
231119
231181
231386
231390
231441
231448
231570
231595
231632
231724
231734
231737
231752
231783
231811
231930
231949
231991
231993
232062
232081
232102
232121
232123
232139
232168
232177
232235
232238
232266
232363
232365
232371
232471
232593
232662
232707
232734
232805
232817
232819
232825
232826
232827
232842
232844
232853
232902
232907
232913
232929
233005
233009
233012
233013
233081
233113
233154
233292
233304
233316
233500
233525
233527
233549
233553
233576
233584
233615
233616
233636
233690
233692
233735
233738
233763
233812
233815
233870
233874
233904
233926
233959
233969
233972
234006
234014
234112
234114
234119
234125
234142
234145
234148
234176
234178
234179
234205
234227
234229
234261
234265
234281
234317
234347
234366
234491
234575
234576
234595
234597
234601
234613
234672
234692
234750
234751
234805
234806
234808
234847
234873
234878
234879
234881
234943
234952
234965
235059
235098
235131
235156
235214
235234
235256
235285
235289
235326
235351
235403
235445
235448
235489
235539
235543
235544
235567
235592
235595
235612
235618
235620
235696
235699
235700
235702
235703
235736
235908
235921
235939
235940
235987
236003
236005
236008
236028
236086
236100
236166
236168
236169
236213
236215
236216
236278
236291
236294
236300
236321
236322
236335
236385
236395
236397
236421
236446
236528
236578
236602
236605
236606
236607
236608
236679
236682
236683
236709
236764
236770
236801
236805
236806
236957
237023
237078
237091
237118
237169
237225
237268
237400
237405
237479
237480
237534
237578
237591
237636
237641
237646
237664
237666
237722
237816
237824
237826
237831
237955
237958
237984
237989
237991
238018
238033
238095
238131
238163
238190
238197
238200
238238
238239
238241
238340
238461
238483
238535
238604
238670
238673
238753
238775
238792
238793
238797
238799
238881
238885
283788
283790
283849
283900
284001
284017
284054
284055
284069
284074
284315
284318
284369
284408
284499
284519
284643
284692
284700
284702
284718
284722
284767
284779
284984
285012
285239
285412
285492
285499
285509
285800
285822
285951
285955
285960
285962
286205
286227
286239
286478
286483
286489
286490
286601
286637
286644
286714
286878
287211
287213
287214
287217
287318
287341
287722
287763
288318
288319
288421
288734
288743
288749
288829
288889
288896
289214
289218
289219
289224
289236
289384
289394
289715
289724
289861
290058
290402
290441
290583
290632
290652
290710
290823
291097
291098
291295
291298
291342
291376
291378
291575
291663
291724
291726
291877
291925
292274
292283
292284
292453
292630
292672
292676
292735
293358
293651
293919
294054
294122
294319
294320
294451
294515
294590
295105
295273
295314
295317
295351
295485
295489
295631
295643
295690
295694
295695
295708
295709
295874
295955
295961
295973
296162
296173
296234
296284
296296
296298
296339
296346
296413
296453
296619
296748
296903
296932
297136
297200
297273
297276
297313
297373
297600
297679
297908
297912
298362
298463
298466
298685
298779
298811
298920
299027
299030
299099
299103
299104
299106
299172
299231
299235
299266
299303
299433
299541
299630
299740
299762
299921
299927
299928
299993
300074
300150
300152
300208
300279
300280
300549
300971
300995
301163
301224
301264
301322
301474
301738
301823
301909
301981
302123
302199
302244
302386
302501
302689
302693
302719
302723
302775
302891
314899
314901
314904
314920
314997
315058
315060
315083
315091
315192
315299
315368
315430
315487
315573
315578
315580
315591
315597
315603
315659
315660
315661
315688
315689
315694
315756
315757
315760
315781
315783
315815
315818
315991
316022
316032
316134
316192
316193
316259
316457
316463
316464
316468
316580
316785
316881
316960
317099
317102
317105
317111
317112
317113
317132
317139
317140
317145
317164
317165
317380
317384
317408
317413
317424
317463
317472
317484
317606
317625
317629
317630
317695
317817
317844
317913
317915
317916
317919
318007
318008
318015
318107
318192
318193
318217
318290
318301
318349
318353
318380
318421
318502
318637
318638
318639
318640
318720
318722
318727
318730
318732
318855
318856
318879
318880
318883
318938
318961
318965
319002
319005
319029
319030
319031
319036
319044
319045
319047
319181
319362
319553
319565
319576
319580
319614
319620
319621
319688
319690
319729
319730
319740
319741
319747
319796
319832
319833
319873
319889
320126
320127
320129
320166
320170
320234
320237
320408
320414
320448
320489
320562
320579
320580
320654
320655
320657
320699
320789
320907
320910
320917
320965
321003
321004
321005
321006
321159
321169
321173
321184
321263
321264
321306
321310
321312
321378
321608
321617
321636
321671
321757
321765
321920
321996
322009
322010
322012
322053
322168
322169
322178
322179
322196
322265
322331
322377
322379
322387
322414
322415
322417
322465
322519
322522
322525
322568
322569
322571
322618
322643
322728
322732
322733
322735
322762
323006
323011
323013
323030
323032
323062
323116
323117
323118
323135
323147
323175
323197
323269
323287
323322
323327
323352
323441
323442
323513
323642
323653
323672
323675
323678
323685
323688
323709
323710
323718
323719
323740
323742
323748
323758
323761
323765
323769
323770
323777
323790
323792
323801
323885
323913
323926
323954
323982
324056
324087
324088
324127
324211
324214
324218
324227
324229
324407
324409
324410
324454
324530
324532
324612
324678
324679
324856
324858
324871
324874
324877
324882
325001
325095
325271
325274
325277
325287
325335
325384
325427
325429
325468
325512
325556
325590
325593
325637
325665
325697
325710
325764
325765
325766
325768
325769
325770
325819
365669
365738
365750
365791
366001
366207
366209
366218
366220
366249
366250
366254
366257
366373
366387
366751
366755
366960
367049
367053
367200
367225
367370
368153
368184
368208
368435
368459
368470
368532
368537
368553
368590
368603
368692
368694
368757
368758
368816
368819
368823
368893
368909
368933
368942
368946
369040
369080
369081
369111
369113
369115
369116
369126
369232
369236
369270
369272
369273
369388
369394
369402
369515
369541
369568
369570
369583
369588
369717
369736
369794
369810
369852
369910
369914
369956
369974
369985
369986
369993
370826
370832
370838
370891
370892
370894
370896
370909
370971
370976
371018
371023
371048
371103
371160
371498
371501
371743
371768
371780
371848
377635
377639
377676
377692
377993
377996
378047
378340
378343
378347
378353
378356
378388
378397
378466
378480
378505
378699
378733
378766
378965
378966
378992
379052
379056
379066
379143
379231
380743
380759
380921
380927
380930
380934
380963
381033
381035
381160
381201
381204
381275
381374
381425
381438
381653
381707
381708
381719
381720
382041
382095
382097
382106
382304
382307
382345
382519
382524
382591
382643
382647
382648
382858
382863
382877
382933
382945
383060
383067
383068
383070
383126
383309
383319
383442
383448
383449
383479
383482
383906
383924
384069
384105
384328
384423
384428
384492
384539
384542
384612
384981
385009
386042
386106
386113
386116
386196
386197
386202
386339
386341
386342
386343
386346
386347
386348
386350
386383
386388
386394
386395
386432
386434
386453
386481
386483
386683
386728
386730
386751
386756
386778
386824
386868
386870
386906
386911
386912
386914
386915
387061
387088
387090
387091
387130
387186
387251
387254
387255
387257
387258
387295
387348
387350
387351
387354
387416
387421
387443
387445
387446
387447
387448
389089
389101
389114
389124
389137
389144
389167
389175
389184
389209
389239
389243
389249
389261
389307
389314
389324
389347
389414
389420
389440
389444
389445
389457
389495
389496
389498
389501
389535
389542
389545
389548
389549
389580
389620
389627
389628
389647
389681
389707
389715
389767
389793
389794
389818
389825
389833
389849
389854
389958
389962
390019
390022
390027
390074
390130
390159
390170
390216
390229
390252
390257
390264
390271
390281
390287
390288
390324
390327
390342
390379
390417
390440
390462
390469
390485
390488
390522
390528
390551
390565
390568
390603
390609
390622
390639
390643
390649
390715
390732
390734
390760
390761
390769
390772
390774
390776
390778
390801
390820
390883
390884
390893
390909
390912
390940
390946
390948
391005
391017
391023
391044
391090
391102
391142
391151
391166
391233
391236
391291
391344
391345
391365
391392
391403
391404
391434
391463
391479
391482
391487
391523
391570
391586
391588
391595
391609
391610
391626
391627
391639
391676
391682
391690
391692
391696
391713
391723
391726
391771
391798
391800
391819
391830
391832
391833
391846
391859
391888
391893
392008
392018
392019
392035
392040
392052
392077
392142
392155
392179
392229
392237
392249
392266
392267
392287
392290
392296
392333
392334
392375
392379
392381
392419
392422
392453
392515
392520
392583
392591
392659
392684
392685
395935
396001
396006
396044
396167
396248
396266
396267
396268
396269
396299
396306
396393
396500
396558
396639
396645
396692
396763
396820
396829
396861
396862
396864
396865
396866
396880
396939
396944
396952
397079
397080
397081
397084
397085
397268
397360
397428
397460
397521
411036
411044
411067
411077
411081
411085
411088
411089
411143
411147
411192
411304
411309
411402
411515
411517
411519
411521
411526
411560
411563
411575
411578
411621
411623
411626
411628
411669
411676
411713
411716
411770
411969
412075
412245
412276
412278
412292
412318
412416
412424
412425
412429
412466
412467
412506
412507
412545
412559
412613
412619
412621
412623
412624
412650
412699
412700
412812
412869
412874
412881
413035
413198
413246
413248
413251
413298
413313
413468
413599
413644
413647
413657
413668
413672
413673
413679
413680
413724
413737
413786
413866
413881
413938
413954
413957
413960
413962
413964
413968
414054
414133
414201
414211
414280
414317
414430
414538
414594
414703
414706
414711
414712
414715
414716
414718
414719
414761
414763
414766
414768
414770
414772
414902
414910
414926
414977
415075
415126
415133
415134
415189
415241
415247
418739
418755
418797
418843
418914
419069
419083
419184
419236
419286
419314
419449
419452
419483
419519
419774
419777
419877
419889
419928
420275
420289
420292
421676
421715
421770
421774
421785
421819
422043
422073
422162
422465
422485
422487
422566
422587
422622
422653
422680
422814
422815
423022
423265
423309
423476
423497
423501
423502
423893
424261
424273
426254
426541
426549
426781
426783
426882
426907
427002
427157
427321
433009
433011
433012
433051
433132
433137
433156
433157
433332
433388
433391
433393
433400
433448
433475
433477
433481
433483
433484
433751
433873
433893
433894
433905
433906
433930
434108
434109
434302
434303
434304
434326
434456
434466
434472
434473
434476
434478
434479
439420
439422
439425
439452
439467
439493
439617
439618
439711
439730
439744
439748
439793
439796
439798
439813
439839
439850
439851
439959
439982
440008
440065
440066
440069
440072
440138
440143
440240
440242
440255
440274
440288
440312
440322
440389
440392
440395
440413
440428
440430
440449
440452
440473
440491
440492
440553
440679
440871
440872
440873
440876
440888
440889
440906
441064
441065
441113
441138
441147
441164
441165
441167
441170
441172
441185
441187
441191
441235
441266
441287
441290
446442
446448
446574
446656
446658
446660
446663
446748
446795
446797
446805
446937
447025
447035
447036
447106
447150
447153
447229
447266
447303
447390
447406
447470
447471
447473
447650
447652
447659
447662
447665
447702
447775
447778
447789
447790
447791
447804
447864
447865
447867
447919
447965
447966
447967
447974
447978
448003
448006
448011
448101
448102
448105
448144
448406
448479
448534
448631
448817
448871
448872
448940
449050
449051
449053
449058
449116
449118
449199
449209
449343
449351
449352
449355
449393
449414
449440
449447
449561
449624
449652
449723
449817
450000
450005
450011
450019
450021
450054
450058
450064
450065
450066
450067
450068
450071
450126
450147
450150
450201
450243
450342
450343
450356
450418
450419
450423
450456
450457
450461
450466
450474
450478
450480
450495
450503
450523
450531
450539
450589
450617
450629
450644
450645
450646
450748
450750
450809
450813
450839
450937
451009
451010
451013
451014
451018
451019
451023
451050
451077
451117
451161
451233
451251
451257
451259
451264
451344
451345
451356
451374
451418
451594
451638
451640
451657
451739
451791
451792
457147
457187
457188
457202
457334
457338
457366
457367
457381
457408
457412
457413
457418
457459
457481
457484
457516
457523
457546
457577
457583
457586
457658
457681
457703
457704
457711
457773
457780
457824
457836
457853
457873
457875
457877
457936
458022
458023
458026
458046
458057
458060
458121
458128
458130
458132
458154
458165
458179
458205
458245
458263
458265
458281
458293
458340
458385
458387
458415
458428
458437
458442
458447
458451
458463
458485
458511
458541
458548
458550
458556
458598
458601
458646
458698
458699
458763
458780
458786
458809
458821
458853
458856
458933
458934
458948
459007
459028
459038
459039
459088
459106
459150
459161
459165
459169
459293
459334
459375
459376
459388
459415
459422
459440
459460
459467
459469
459478
459481
459493
459514
459534
459535
459623
459648
459655
459656
459693
459706
459754
459762
459764
459802
459809
459863
459864
459866
459961
460017
460050
460079
460087
460088
460118
460142
460148
460171
460180
460218
460233
460313
460372
460397
460406
460446
460488
460513
460518
460519
460530
460542
460543
460561
460574
460584
460587
460782
461288
461358
461442
461458
461496
461570
461661
461809
462085
462122
462123
462124
462129
462154
462242
462389
462398
462402
462464
462475
462731
462734
462736
462737
462987
463043
463044
463046
463047
463139
463222
463290
463291
463426
463427
463433
463434
463508
463510
463632
463729
463730
463768
463769
463831
463900
463901
463903
463904
463912
463948
463951
463967
464031
464034
464075
464084
464086
464090
464106
464135
464259
